configuration: Gecode
data_file: data/mznc2020/p1f-pjs/16.dzn
failures: 1753424
flatIntConstraints: 1831
flatIntVars: 3496
flatTime: 0.259958
initTime: 0.022654
method: minimize
model: data/mznc2020/p1f-pjs/p1f-pjs.mzn
nSolutions: 0
nodes: 3506894
paths: 0
peakDepth: 91
problem: p1f-pjs
propagations: 2739163861
propagators: 1831
restarts: 0
solutions: 0
solveTime: 1199.71
status: UNKNOWN
time: 1200.1453259140253
variables: 3496
