configuration: Gecode
data_file: data/mznc2020/p1f-pjs/16.dzn
failures: 1759645
flatIntConstraints: 1831
flatIntVars: 3496
flatTime: 0.251888
initTime: 0.022337
method: minimize
model: data/mznc2020/p1f-pjs/p1f-pjs.mzn
nSolutions: 0
nodes: 3519342
paths: 0
peakDepth: 91
problem: p1f-pjs
propagations: 2749114061
propagators: 1831
restarts: 0
solutions: 0
solveTime: 1199.75
status: UNKNOWN
time: 1200.1496467404068
variables: 3496
