configuration: Gecode
data_file: data/mznc2020/p1f-pjs/20.dzn
failures: 844077
flatIntConstraints: 3649
flatIntVars: 7050
flatTime: 0.460959
initTime: 0.048167
method: minimize
model: data/mznc2020/p1f-pjs/p1f-pjs.mzn
nSolutions: 0
nodes: 1688241
paths: 0
peakDepth: 142
problem: p1f-pjs
propagations: 1774168957
propagators: 3649
restarts: 0
solutions: 0
solveTime: 1199.54
status: UNKNOWN
time: 1200.2215395644307
variables: 7050
