configuration: Gecode
data_file: data/mznc2020/p1f-pjs/20.dzn
failures: 837781
flatIntConstraints: 3649
flatIntVars: 7050
flatTime: 0.454015
initTime: 0.049316
method: minimize
model: data/mznc2020/p1f-pjs/p1f-pjs.mzn
nSolutions: 0
nodes: 1675651
paths: 0
peakDepth: 142
problem: p1f-pjs
propagations: 1761107787
propagators: 3649
restarts: 0
solutions: 0
solveTime: 1199.52
status: UNKNOWN
time: 1200.2579020205885
variables: 7050
